N = 0.3;
E = 4.205097200255977;
perB = 0.0294117647058824;
perR = 0.0315686274509804;

B = round((N/perB)-255)*(-1)
R = round((E/perR)-255)*(-1)

